frame_idx,marker_id,size_mm,pred_px,detected
0,201,149.4,24.9069233427783,0
0,301,74.7,13.187284386476001,0
0,302,44.4,8.079321037194493,0
0,303,44.4,7.755145079484526,0
0,304,44.4,7.932441815816413,0
0,305,44.4,7.733197438878488,0
0,401,35.6,6.33106982317709,0
0,402,35.6,6.456218007813275,0
1,201,149.4,24.7583417973114,1
1,202,149.4,28.32188872363259,1
1,301,74.7,13.330975019308394,0
1,302,44.4,8.169559401340312,0
1,303,44.4,7.835047109943254,0
1,304,44.4,8.014633865536368,0
1,305,44.4,7.809501377863533,0
1,401,35.6,6.394132717752532,0
1,402,35.6,6.520469558681688,0
2,201,149.4,25.17779431354886,1
2,202,149.4,28.71696752625654,1
2,301,74.7,13.484076528776917,0
2,302,44.4,8.269341052378657,0
2,303,44.4,7.921269431707721,0
2,304,44.4,8.106801900847922,0
2,305,44.4,7.89369246402225,0
2,401,35.6,6.465974437026507,0
2,402,35.6,6.596543243818401,0
3,201,149.4,24.631242950581708,1
3,202,149.4,28.115443987137006,1
3,301,74.7,13.295623891795785,0
3,302,44.4,8.146561729140146,0
3,303,44.4,7.810541778603426,0
3,304,44.4,7.987455242785958,0
3,305,44.4,7.781730098186787,0
3,401,35.6,6.370088298215849,0
3,402,35.6,6.494095983677774,0
4,201,149.4,24.80125636716024,1
4,202,149.4,28.462162052519368,1
4,301,74.7,13.418289549915787,0
4,302,44.4,8.225609614470551,0
4,303,44.4,7.879548048947008,0
4,304,44.4,8.060272860685764,0
4,305,44.4,7.848858762420489,0
4,401,35.6,6.426788137499652,0
4,402,35.6,6.553283013259456,0
5,201,149.4,33.9358562707446,1
5,202,149.4,28.084654511585775,1
5,301,74.7,13.348195489147411,0
5,302,44.4,8.180436411931167,0
5,303,44.4,7.840050350005484,0
5,304,44.4,8.018642603227065,0
5,305,44.4,7.810389480885047,0
5,401,35.6,6.394306720646609,0
5,402,35.6,6.519465165915758,0
6,201,149.4,25.254798309952527,1
6,202,149.4,28.656857041121867,1
6,301,74.7,13.387626911462075,0
6,302,44.4,8.203804232663007,0
6,303,44.4,7.8651525124339505,0
6,304,44.4,8.044281524854306,0
6,305,44.4,7.8367541589432435,0
6,401,35.6,6.415757800735883,0
6,402,35.6,6.5415264976794205,0
7,201,149.4,24.6541415410234,1
7,202,149.4,28.43063040563549,1
7,301,74.7,13.402702423842058,0
7,302,44.4,8.213420585950614,0
7,303,44.4,7.873875756417475,0
7,304,44.4,8.053464517515772,0
7,305,44.4,7.845417808587587,0
7,401,35.6,6.4230447301522275,0
7,402,35.6,6.549132355143993,0
8,201,149.4,24.725819649210326,1
8,202,149.4,28.70342381315217,1
8,301,74.7,13.352015880011015,0
8,302,44.4,8.179190417515924,0
8,303,44.4,7.8453961019239955,0
8,304,44.4,8.022096510151322,0
8,305,44.4,7.817412301512639,0
8,401,35.6,6.398484940360492,0
8,402,35.6,6.5225058129134705,0
9,201,149.4,24.61463692884823,1
9,202,149.4,28.127832838546826,1
9,301,74.7,13.17951398545512,0
9,302,44.4,8.066738471213602,0
9,303,44.4,7.745752321742728,0
9,304,44.4,7.915175660701728,0
9,305,44.4,7.718057037821883,0
9,401,35.6,6.313530952385715,0
9,402,35.6,6.432304760909374,0
10,201,149.4,24.6616041560071,1
10,202,149.4,28.408189043468738,1
10,301,74.7,13.313029552718577,0
10,302,44.4,8.153230104518194,0
10,303,44.4,7.820103676408227,0
10,304,44.4,7.993969047951573,0
10,305,44.4,7.789827140699792,0
10,401,35.6,6.374392819102088,0
10,402,35.6,6.496150250317595,0
11,201,149.4,25.031042231768897,1
11,202,149.4,28.512862730145212,1
11,301,74.7,13.458221930610371,0
11,302,44.4,8.244079125849156,0
11,303,44.4,7.901711604701521,0
11,304,44.4,8.07800587381182,0
11,305,44.4,7.868469976201438,0
11,401,35.6,6.439349993049901,0
11,402,35.6,6.562581632908852,0
12,201,149.4,25.252465161195268,1
12,202,149.4,28.66704283983306,1
12,301,74.7,13.497082105869907,0
12,302,44.4,8.268911628142853,0
12,303,44.4,7.922843215918666,0
12,304,44.4,8.100134454099116,0
12,305,44.4,7.888362436239145,0
12,401,35.6,6.456021828833183,0
12,402,35.6,6.579967458502139,0
13,201,149.4,25.169538837551105,0
13,301,74.7,13.334222326025008,0
13,302,44.4,8.170555599044398,0
13,303,44.4,7.8251223133596035,0
13,304,44.4,8.0008866707046,0
13,305,44.4,7.789822305950785,0
13,401,35.6,6.375861616970127,0
13,402,35.6,6.498666766637067,0
14,201,149.4,25.131566136696048,0
14,301,74.7,13.313524734162806,0
14,302,44.4,8.157597923012846,0
14,303,44.4,7.812045475519302,0
14,304,44.4,7.987080812899821,0
14,305,44.4,7.77600627654635,0
14,401,35.6,6.364270772674288,0
14,402,35.6,6.4864954639065004,0
15,201,149.4,25.152688423242335,1
15,202,149.4,28.41611184687872,1
15,301,74.7,13.419225879087358,0
15,302,44.4,8.218081640047433,0
15,303,44.4,7.875358804507121,0
15,304,44.4,8.048738103638346,0
15,305,44.4,7.83897485535417,0
15,401,35.6,6.413611504466905,0
15,402,35.6,6.534648117976321,0
16,201,149.4,25.140755296366862,1
16,202,149.4,28.259348377094277,1
16,301,74.7,13.428445398959528,0
16,302,44.4,8.222794608211617,0
16,303,44.4,7.878945752636028,0
16,304,44.4,8.050989193108254,0
16,305,44.4,7.84084376032834,0
16,401,35.6,6.414298148931326,0
16,402,35.6,6.534030669899034,0
17,201,149.4,25.490572176725934,1
17,202,149.4,28.538175374585457,1
17,301,74.7,13.599429224362487,0
17,302,44.4,8.331670250947417,0
17,303,44.4,7.977596666457446,0
17,304,44.4,8.154707030248986,0
17,305,44.4,7.938534997788995,0
17,401,35.6,6.496352504907649,0
17,402,35.6,6.619643033824827,0
18,201,149.4,33.977318440085966,1
18,202,149.4,28.580474266172565,1
18,301,74.7,13.422007325745268,0
18,302,44.4,8.218152788977392,0
18,303,44.4,7.875173804813022,0
18,304,44.4,8.046453226288723,0
18,305,44.4,7.836975480292282,0
18,401,35.6,6.4106906572563584,0
18,402,35.6,6.529751211578821,0
19,201,149.4,25.120694848155033,1
19,202,149.4,28.630160927160183,1
19,301,74.7,13.459601380407559,0
19,302,44.4,8.240985884877473,0
19,303,44.4,7.899130228646737,0
19,304,44.4,8.071342817788732,0
19,305,44.4,7.86231274147622,0
19,401,35.6,6.431600761219549,0
19,402,35.6,6.551531995748929,0
20,201,149.4,25.129284792876128,1
20,202,149.4,28.60509051753424,1
20,301,74.7,13.488672754455834,0
20,302,44.4,8.262508995722323,0
20,303,44.4,7.91526163426194,0
20,304,44.4,8.090457194561349,0
20,305,44.4,7.878550366375574,0
20,401,35.6,6.446794946446737,0
20,402,35.6,6.568769499470932,0
21,201,149.4,25.09163920846297,1
21,202,149.4,21.824526921669356,1
21,301,74.7,13.56591754377315,0
21,302,44.4,8.310053097787431,0
21,303,44.4,7.959907403760034,0
21,304,44.4,8.136005210982141,0
21,305,44.4,7.922436953913575,0
21,401,35.6,6.482721295619914,0
21,402,35.6,6.605194038839404,0
22,202,149.4,21.71256660289644,0
22,301,74.7,11.80683689100017,0
22,302,44.4,6.833776166347839,0
22,303,44.4,7.017681602575351,0
22,304,44.4,6.867870890408561,0
22,305,44.4,6.987962809569707,0
22,401,35.6,5.494129529220299,0
22,402,35.6,5.397358128741349,0
23,201,149.4,25.185886197542246,1
23,202,149.4,29.213095925459747,1
23,301,74.7,13.56050831290901,0
23,302,44.4,8.304750023266706,0
23,303,44.4,7.95817142715856,0
23,304,44.4,8.132918266308698,0
23,305,44.4,7.921469411584618,0
23,401,35.6,6.480968662927868,0
23,402,35.6,6.602461331641049,0
24,201,149.4,24.71050154214311,0
24,301,74.7,13.085188880584827,0
24,302,44.4,8.016308258851534,0
24,303,44.4,7.681201921378715,0
24,304,44.4,7.852803304440542,0
24,305,44.4,7.648428030638621,0
24,401,35.6,6.259343238104135,0
24,402,35.6,6.379180765958122,0
25,201,149.4,25.033190325389718,1
25,202,149.4,28.74609130433609,1
25,301,74.7,13.497486930831627,0
25,302,44.4,8.264965780565023,0
25,303,44.4,7.923651175219462,0
25,304,44.4,8.097425408622525,0
25,305,44.4,7.888959747106291,0
25,401,35.6,6.454048264258625,0
25,402,35.6,6.575116092647667,0
26,201,149.4,25.104281193329236,1
26,202,149.4,28.113184476822106,1
26,301,74.7,13.436062867138704,0
26,302,44.4,8.219516146039403,0
26,303,44.4,7.890187559468391,0
26,304,44.4,8.057525556868171,0
26,305,44.4,7.8559831495576065,0
26,401,35.6,6.422973463585285,0
26,402,35.6,6.539391654925806,0
27,201,149.4,24.994327723941534,1
27,202,149.4,21.721989807532335,1
27,301,74.7,13.551735233391327,0
27,302,44.4,8.29536952571803,0
27,303,44.4,7.957594914592722,0
27,304,44.4,8.130283671624284,0
27,305,44.4,7.923856178404561,0
27,401,35.6,6.48125453335574,0
27,402,35.6,6.601530442944604,0
28,201,149.4,24.970629301996432,1
28,202,149.4,29.082472013555734,1
28,301,74.7,13.535876181416421,0
28,302,44.4,8.286099070050746,0
28,303,44.4,7.9467728563507904,0
28,304,44.4,8.118944648296896,0
28,305,44.4,7.912011858897463,0
28,401,35.6,6.471510043421285,0
28,402,35.6,6.591088609427237,0
29,201,149.4,25.164566876017645,1
29,202,149.4,28.53323109978452,1
29,301,74.7,13.458642399823798,0
29,302,44.4,8.231845497866242,0
29,303,44.4,7.9055928539524745,0
29,304,44.4,8.072312298980735,0
29,305,44.4,7.872852525227364,0
29,401,35.6,6.436095234653786,0
29,402,35.6,6.551926431508001,0
30,202,149.4,21.75342430669242,0
30,301,74.7,11.839281507810401,0
30,302,44.4,6.849527479053405,0
30,303,44.4,7.038967001271134,0
30,304,44.4,6.887444340896071,0
30,305,44.4,7.010328675441041,0
30,401,35.6,5.510354957660795,0
30,402,35.6,5.4134173103934575,0
31,202,149.4,29.117794805229224,0
31,301,74.7,13.377579574454703,0
31,302,44.4,8.191931003177768,0
31,303,44.4,7.853990312432932,0
31,304,44.4,8.025818041004566,0
31,305,44.4,7.820701173667658,0
31,401,35.6,6.398131157143348,0
31,402,35.6,6.517066518598733,0
32,201,149.4,25.441435231879428,1
32,202,149.4,21.98416803283245,1
32,301,74.7,13.537440109776622,0
32,302,44.4,8.284240543499052,0
32,303,44.4,7.954014867788166,0
32,304,44.4,8.12555294255447,0
32,305,44.4,7.9238372881404775,0
32,401,35.6,6.4803918674232275,0
32,402,35.6,6.599815746440484,0
33,201,149.4,25.280213049402636,1
33,202,149.4,28.288447265610753,1
33,301,74.7,13.513087649591576,0
33,302,44.4,8.266888936105499,0
33,303,44.4,7.941067673321266,0
33,304,44.4,8.110757024246565,0
33,305,44.4,7.9114817271972395,0
33,401,35.6,6.469106586997404,0
33,402,35.6,6.587305506951545,0
34,202,149.4,28.488244935647987,0
34,301,74.7,13.165742694818896,0
34,302,44.4,8.047722927713984,0
34,303,44.4,7.731992490356953,0
34,304,44.4,7.889821466865676,0
34,305,44.4,7.697804277687503,0
34,401,35.6,6.289645887974611,0
34,402,35.6,6.398198377623759,0
35,202,149.4,28.982691616946912,0
35,301,74.7,13.315276191114858,0
35,302,44.4,8.153241465416285,0
35,303,44.4,7.818781668250146,0
35,304,44.4,7.9898386971803745,0
35,305,44.4,7.78666950390974,0
35,401,35.6,6.370193164630361,0
35,402,35.6,6.4887598661343695,0
36,201,149.4,33.2215518819372,0
36,301,74.7,15.595178793552357,0
36,302,44.4,8.984826024399968,0
36,303,44.4,9.280864503075529,0
36,304,44.4,9.050739346465585,0
36,305,44.4,9.241786079604578,0
36,401,35.6,7.242166215008982,0
36,402,35.6,7.093342222122386,0
37,201,149.4,34.190966597760706,1
37,202,149.4,21.73313929453073,1
37,301,74.7,13.471913056154484,0
37,302,44.4,8.238327409551161,0
37,303,44.4,7.918127264781283,0
37,304,44.4,8.084956267598297,0
37,305,44.4,7.888883079860957,0
37,401,35.6,6.448896960970805,0
37,402,35.6,6.565092235813754,0
38,201,149.4,24.998778818571694,1
38,202,149.4,28.356609161426483,1
38,301,74.7,13.472055222736092,0
38,302,44.4,8.240482821427541,0
38,303,44.4,7.917270073020154,0
38,304,44.4,8.085433458373295,0
38,305,44.4,7.887737859019461,0
38,401,35.6,6.448979133359614,0
38,402,35.6,6.566043466918911,0
39,201,149.4,25.02753874975443,0
39,301,74.7,13.235175948665333,0
39,302,44.4,8.102006678910534,0
39,303,44.4,7.774027789360625,0
39,304,44.4,7.942748341248956,0
39,305,44.4,7.743485151660222,0
39,401,35.6,6.333877500258129,0
39,402,35.6,6.450756434676722,0
40,202,149.4,28.096418911084037,0
40,301,74.7,12.932787048472672,0
40,302,44.4,7.912699918987526,0
40,303,44.4,7.599495888026379,0
40,304,44.4,7.761399914525649,0
40,305,44.4,7.571467856683564,0
40,401,35.6,6.191016294510831,0
40,402,35.6,6.302828453451962,0
41,201,149.4,25.05554232504177,1
41,202,149.4,28.137853667152353,1
41,301,74.7,13.357264616915312,0
41,302,44.4,8.169189302615129,0
41,303,44.4,7.8529937489304515,0
41,304,44.4,8.019522966778753,0
41,305,44.4,7.8261248797434675,0
41,401,35.6,6.398345128180003,0
41,402,35.6,6.514301869757158,0
42,201,149.4,24.70327107965401,0
42,301,74.7,13.059750917678574,0
42,302,44.4,7.993536340462732,0
42,303,44.4,7.674362576675799,0
42,304,44.4,7.840836420366241,0
42,305,44.4,7.646731822509896,0
42,401,35.6,6.254562425523802,0
42,402,35.6,6.370058916623162,0
43,201,149.4,24.82606731211318,1
43,202,149.4,28.425438513369844,1
43,301,74.7,13.292097781727687,0
43,302,44.4,8.13319875557935,0
43,303,44.4,7.811372419291452,0
43,304,44.4,7.978992848033387,0
43,305,44.4,7.782798571606186,0
43,401,35.6,6.364571177915281,0
43,402,35.6,6.480905617751935,0
44,202,149.4,21.429151820964083,0
44,301,74.7,11.650241524822746,0
44,302,44.4,6.740389076278587,0
44,303,44.4,6.933119826908868,0
44,304,44.4,6.784613899274946,0
44,305,44.4,6.9106636112497295,0
44,401,35.6,5.432418341014429,0
44,402,35.6,5.337041289816591,0
45,201,149.4,24.90267772511833,1
45,202,149.4,28.34824063367639,1
45,301,74.7,13.401059424761964,0
45,302,44.4,8.205383738110346,0
45,303,44.4,7.873907917908394,0
45,304,44.4,8.04700628967425,0
45,305,44.4,7.845042895338189,0
45,401,35.6,6.418441021483948,0
45,402,35.6,6.538776037285405,0
46,201,149.4,24.897661838127043,1
46,202,149.4,28.092728285311686,1
46,301,74.7,13.283691158717998,0
46,302,44.4,8.13191684268604,0
46,303,44.4,7.8087697375214,0
46,304,44.4,7.980441517438462,0
46,305,44.4,7.782942324568811,0
46,401,35.6,6.367347063448591,0
46,402,35.6,6.487234685116592,0
47,201,149.4,24.710557441605538,1
47,202,149.4,27.85495515834529,1
47,301,74.7,13.15681554367598,0
47,302,44.4,8.053038382611074,0
47,303,44.4,7.731339460319267,0
47,304,44.4,7.899371124909857,0
47,305,44.4,7.703191303509885,0
47,401,35.6,6.300938915396823,0
47,402,35.6,6.417774611111952,0
48,201,149.4,24.78891725100567,1
48,202,149.4,28.190783432490978,1
48,301,74.7,13.281330334769596,0
48,302,44.4,8.131126278506008,0
48,303,44.4,7.805579269946215,0
48,304,44.4,7.977173053170791,0
48,305,44.4,7.778389336142924,0
48,401,35.6,6.363731809625252,0
48,402,35.6,6.483373849827167,0
49,201,149.4,24.808215637954326,1
49,202,149.4,28.429096585924164,1
49,301,74.7,13.396075120082294,0
49,302,44.4,8.206909646854065,0
49,303,44.4,7.8710464091504235,0
49,304,44.4,8.048062377800205,0
49,305,44.4,7.8432655298543965,0
49,401,35.6,6.419689650821611,0
49,402,35.6,6.543215202871645,0
50,201,149.4,24.49811959360227,0
50,301,74.7,12.969396222126193,0
50,302,44.4,7.944593038951316,0
50,303,44.4,7.619409452778957,0
50,304,44.4,7.789769047234781,0
50,305,44.4,7.591889044718592,0
50,401,35.6,6.2131988132709255,0
50,402,35.6,6.331919424832899,0
51,201,149.4,24.396749746775804,1
51,202,149.4,28.17671896183653,1
51,301,74.7,13.302032423485695,0
51,302,44.4,8.144870511691124,0
51,303,44.4,7.814776488835792,0
51,304,44.4,7.986786545670845,0
51,305,44.4,7.7853127981096035,0
51,401,35.6,6.369642353330337,0
51,402,35.6,6.489470986042585,0
52,201,149.4,24.55560532988497,1
52,202,149.4,21.376771382772834,1
52,301,74.7,13.245692173935407,0
52,302,44.4,8.108432683051786,0
52,303,44.4,7.7825957187308585,0
52,304,44.4,7.952764453507035,0
52,305,44.4,7.753560511938488,0
52,401,35.6,6.342754106374008,0
52,402,35.6,6.461469840474907,0
53,201,149.4,33.5904122254118,0
53,301,74.7,15.759225578353846,0
53,302,44.4,9.076871927168545,0
53,303,44.4,9.375385488880168,0
53,304,44.4,9.140621478481192,0
53,305,44.4,9.333539826812315,0
53,401,35.6,7.312468868635374,0
53,402,35.6,7.1611653347617725,0
54,201,149.4,24.376284434748694,1
54,202,149.4,21.238808266030446,1
54,301,74.7,13.01836934252104,0
54,302,44.4,7.962343918113671,0
54,303,44.4,7.651910779273901,0
54,304,44.4,7.814574433034846,0
54,305,44.4,7.624222507165687,0
54,401,35.6,6.23345834423913,0
54,402,35.6,6.347070013291258,0
55,201,149.4,24.495903966444594,1
55,202,149.4,27.405014343264646,1
55,301,74.7,13.150695562722728,0
55,302,44.4,8.044199655702162,0
55,303,44.4,7.730814387275451,0
55,304,44.4,7.896306665971475,0
55,305,44.4,7.7039262127043155,0
55,401,35.6,6.299351752461874,0
55,402,35.6,6.415184875992301,0
56,201,149.4,24.534287115306867,1
56,202,149.4,21.69036072714051,1
56,301,74.7,13.258478569887906,0
56,302,44.4,8.115211694234427,0
56,303,44.4,7.78954692027079,0
56,304,44.4,7.95893885121496,0
56,305,44.4,7.759834860345957,0
56,401,35.6,6.347222416455326,0
56,402,35.6,6.465354031710893,0
57,201,149.4,24.603866783564506,0
57,301,74.7,13.009200432591458,0
57,302,44.4,7.963113953699761,0
57,303,44.4,7.641703085843249,0
57,304,44.4,7.807611626630321,0
57,305,44.4,7.611792912718329,0
57,401,35.6,6.22604948012,0
57,402,35.6,6.341365804164219,0
58,201,149.4,24.332143257684404,0
58,301,74.7,12.87573054659443,0
58,302,44.4,7.885320903833609,0
58,303,44.4,7.5641352599679035,0
58,304,44.4,7.731901109290563,0
58,305,44.4,7.536360052039337,0
58,401,35.6,6.166674748202416,0
58,402,35.6,6.2836810310159805,0
60,201,149.4,24.294828854199356,0
60,301,74.7,12.827251967464097,0
60,302,44.4,7.845069818977173,0
60,303,44.4,7.534055928690162,0
60,304,44.4,7.6916739660556654,0
60,305,44.4,7.502554598493312,0
60,401,35.6,6.1326597644936935,0
60,402,35.6,6.241497655902354,0
61,202,149.4,27.293894471865627,0
61,301,74.7,12.618338115617764,0
61,302,44.4,7.710133903453713,0
61,303,44.4,7.415526962285419,0
61,304,44.4,7.566216455466554,0
61,305,44.4,7.3863864344364405,0
61,401,35.6,6.034273928164422,0
61,402,35.6,6.138589447988574,0
62,201,149.4,24.560865661134013,1
62,202,149.4,27.281464351335508,1
62,301,74.7,13.162169830716136,0
62,302,44.4,8.045548171784098,0
62,303,44.4,7.736023521768958,0
62,304,44.4,7.896436040592173,0
62,305,44.4,7.70674094759417,0
62,401,35.6,6.298108197672557,0
62,402,35.6,6.4098166887186,0
63,201,149.4,24.684834715707876,1
63,202,149.4,27.528036042206814,1
63,301,74.7,13.21479032471231,0
63,302,44.4,8.078295815988447,0
63,303,44.4,7.765923131494757,0
63,304,44.4,7.927198823953776,0
63,305,44.4,7.735810845015977,0
63,401,35.6,6.322068196878817,0
63,402,35.6,6.434347546330226,0
64,201,149.4,24.6614426602069,0
64,301,74.7,13.021499706060741,0
64,302,44.4,7.964067563772145,0
64,303,44.4,7.646790468549787,0
64,304,44.4,7.806922099628854,0
64,305,44.4,7.613713523749865,0
64,401,35.6,6.223566991226949,0
64,402,35.6,6.334346993277676,0
65,201,149.4,24.751257186272426,1
65,202,149.4,21.390283696388266,1
65,301,74.7,13.175649908891145,0
65,302,44.4,8.049317254368107,0
65,303,44.4,7.743788556144949,0
65,304,44.4,7.9008148233546756,0
65,305,44.4,7.713362928398135,0
65,401,35.6,6.300986359948114,0
65,402,35.6,6.410226930636343,0
67,201,149.4,24.92780095634336,0
67,301,74.7,13.164111813488852,0
67,302,44.4,8.052152096249472,0
67,303,44.4,7.7311021304422916,0
67,304,44.4,7.894211663752458,0
67,305,44.4,7.698289039022189,0
67,401,35.6,6.293390635679922,0
67,402,35.6,6.406661236561369,0
68,201,149.4,24.313871791686722,1
68,202,149.4,28.003951097002496,1
68,301,74.7,13.242650945221603,0
68,302,44.4,8.09040119096515,0
68,303,44.4,7.778220074110883,0
68,304,44.4,7.934776937123474,0
68,305,44.4,7.743654921074214,0
68,401,35.6,6.32513544328506,0
68,402,35.6,6.433612613404424,0
70,201,149.4,24.590766738638763,0
70,301,74.7,12.95543427661703,0
70,302,44.4,7.913581696911679,0
70,303,44.4,7.607498736576019,0
70,304,44.4,7.758578386569262,0
70,305,44.4,7.572024900568124,0
70,401,35.6,6.1836976116718985,0
70,402,35.6,6.287731652614008,0
71,201,149.4,24.67092628575962,0
71,301,74.7,12.990834506976396,0
71,302,44.4,7.933463766859094,0
71,303,44.4,7.633234814738048,0
71,304,44.4,7.7852083787387585,0
71,305,44.4,7.601266613454635,0
71,401,35.6,6.2074321572853925,0
71,402,35.6,6.312908832468065,0
72,201,149.4,24.946666804112787,0
72,301,74.7,13.127077510447432,0
72,302,44.4,8.013360801390071,0
72,303,44.4,7.712044888982451,0
72,304,44.4,7.862568453897847,0
72,305,44.4,7.6779323951435,0
72,401,35.6,6.268001487903959,0
72,402,35.6,6.372201025879306,0
73,201,149.4,25.444067545968338,1
73,202,149.4,28.29232670767081,1
73,301,74.7,13.489953492327228,0
73,302,44.4,8.233512172700404,0
73,303,44.4,7.926813716074975,0
73,304,44.4,8.081020555419997,0
73,305,44.4,7.89261766667323,0
73,401,35.6,6.442794702216339,0
73,402,35.6,6.549800099866717,0
74,201,149.4,25.19775575662743,0
74,301,74.7,13.289784230372995,0
74,302,44.4,8.123220893860076,0
74,303,44.4,7.804266555146155,0
74,304,44.4,7.964395550255355,0
74,305,44.4,7.76947331922559,0
74,401,35.6,6.348268177783842,0
74,402,35.6,6.459436089194216,0
146,201,149.4,28.12243610137945,0
146,301,74.7,14.580162456319073,0
146,302,44.4,8.827953216746508,0
146,303,44.4,8.578720486407201,0
146,304,44.4,8.691040449867414,0
146,305,44.4,8.536766240210753,0
146,401,35.6,6.9294001420891105,0
146,402,35.6,7.005721785675968,0
147,201,149.4,27.867372539359774,0
147,301,74.7,14.46221049005601,0
147,302,44.4,8.7614023981526,0
147,303,44.4,8.510296592691367,0
147,304,44.4,8.625827649582623,0
147,305,44.4,8.470438325228407,0
147,401,35.6,6.878452542443952,0
147,402,35.6,6.957157886101205,0
148,201,149.4,27.487089909454642,0
148,301,74.7,14.30438150562076,0
148,302,44.4,8.679167140828852,0
148,303,44.4,8.418548935612609,0
148,304,44.4,8.543637309204858,0
148,305,44.4,8.382759292777703,0
148,401,35.6,6.814966331159898,0
148,402,35.6,6.900528314306675,0
149,201,149.4,27.587794367792732,1
149,202,149.4,28.83379691948408,1
149,301,74.7,14.323020626160458,0
149,302,44.4,8.654895334208401,0
149,303,44.4,8.442129277393478,0
149,304,44.4,8.542239521055446,0
149,305,44.4,8.409587725591715,0
149,401,35.6,6.817972312815632,0
149,402,35.6,6.886481684357791,0
150,201,149.4,27.71708976559858,0
150,301,74.7,14.353981123866628,0
150,302,44.4,8.685739140213524,0
150,303,44.4,8.44633831539734,0
150,304,44.4,8.552893378365459,0
150,305,44.4,8.404579432427202,0
150,401,35.6,6.819182780109206,0
150,402,35.6,6.891489543499215,0
151,201,149.4,27.609438508784997,0
151,301,74.7,14.348774588420047,0
151,302,44.4,8.699517455154783,0
151,303,44.4,8.443466584061994,0
151,304,44.4,8.563497878604625,0
151,305,44.4,8.40521675539364,0
151,401,35.6,6.829368339463935,0
151,402,35.6,6.91130849011463,0
152,201,149.4,27.609576955633507,0
152,301,74.7,14.349061272634415,0
152,302,44.4,8.69974361187324,0
152,303,44.4,8.44331757917648,0
152,304,44.4,8.563351275898013,0
152,305,44.4,8.404813339866562,0
152,401,35.6,6.829044243284827,0
152,402,35.6,6.9110012925925,0
153,201,149.4,35.98818540067033,0
153,301,74.7,16.742138392069002,0
153,302,44.4,9.604500192814315,0
153,303,44.4,9.973192935274204,0
153,304,44.4,9.692800763504222,0
153,305,44.4,9.930663824014797,0
153,401,35.6,7.757671020887754,0
153,402,35.6,7.575726732118148,0
155,201,149.4,27.796684700923755,1
155,202,149.4,30.602994310681265,1
155,301,74.7,14.864897703126088,0
155,302,44.4,9.000286310791516,0
155,303,44.4,8.751546446534071,0
155,304,44.4,8.86743662081899,0
155,305,44.4,8.713044269711595,0
155,401,35.6,7.073133657350607,0
155,402,35.6,7.152339203758936,0
156,201,149.4,27.908273827571165,0
156,301,74.7,14.45625289520778,0
156,302,44.4,8.748507865759862,0
156,303,44.4,8.504199932389076,0
156,304,44.4,8.611720648656831,0
156,305,44.4,8.46040695377727,0
156,401,35.6,6.86473311820013,0
156,402,35.6,6.937641054329164,0
157,201,149.4,36.698644223139254,0
157,301,74.7,17.02023048545552,0
157,302,44.4,9.750210009372665,0
157,303,44.4,10.1392666470606,0
157,304,44.4,9.84283320110817,0
157,305,44.4,10.094584295393876,0
157,401,35.6,7.87742962712011,0
157,402,35.6,7.685614159598526,0
158,201,149.4,27.874562713492114,0
158,301,74.7,14.473430124871758,0
158,302,44.4,8.770020624345324,0
158,303,44.4,8.509806602102127,0
158,304,44.4,8.625122923810984,0
158,305,44.4,8.464458488853321,0
158,401,35.6,6.873788993684523,0
158,402,35.6,6.951949129020756,0
160,201,149.4,27.598694873608864,0
160,301,74.7,14.346912023679945,0
160,302,44.4,8.69979711312204,0
160,303,44.4,8.44431051411964,0
160,304,44.4,8.565868285866692,0
160,305,44.4,8.407930912530182,0
160,401,35.6,6.83259458674342,0
160,402,35.6,6.915685999755964,0
162,201,149.4,27.934340254404322,0
162,301,74.7,14.488963716093389,0
162,302,44.4,8.77501113613894,0
162,303,44.4,8.52692034743654,0
162,304,44.4,8.640817268806071,0
162,305,44.4,8.487180226008423,0
162,401,35.6,6.890678543243366,0
162,402,35.6,6.968263455671162,0
164,201,149.4,27.858951697551518,0
164,301,74.7,14.498463760186976,0
164,302,44.4,8.79703244963809,0
164,303,44.4,8.53261346156812,0
164,304,44.4,8.659243709363263,0
164,305,44.4,8.496232547968688,0
164,401,35.6,6.907197756725363,0
164,402,35.6,6.993623376080321,0
165,201,149.4,27.94008219190615,0
165,301,74.7,14.465798337741774,0
165,302,44.4,8.752091631885918,0
165,303,44.4,8.511034432547882,0
165,304,44.4,8.617138260182331,0
165,305,44.4,8.467797977199552,0
165,401,35.6,6.86960784020453,0
165,402,35.6,6.9415318687662015,0
170,201,149.4,28.84450578126011,0
170,301,74.7,14.942273663683505,0
170,302,44.4,9.044426852108321,0
170,303,44.4,8.805994700680449,0
170,304,44.4,8.922191741112863,0
170,305,44.4,8.774143314504727,0
170,401,35.6,7.122121772993916,0
170,402,35.6,7.201727078370936,0
172,201,149.4,28.9756926046498,0
172,301,74.7,14.977107488306558,0
172,302,44.4,9.053586734989455,0
172,303,44.4,8.81594375401232,0
172,304,44.4,8.920482362166657,0
172,305,44.4,8.773017757533879,0
172,401,35.6,7.113193331988575,0
172,402,35.6,7.184047969874593,0
193,301,74.7,15.831820023706097,0
193,302,44.4,9.549866036264927,0
193,303,44.4,9.309024506440034,0
193,304,44.4,9.401645363210614,0
193,305,44.4,9.251556301072341,0
193,401,35.6,7.488644407350469,0
193,402,35.6,7.551032847178213,0
200,301,74.7,18.478452544388063,0
200,302,44.4,10.57734515408963,0
200,303,44.4,10.982231777460754,0
200,304,44.4,10.65088865957973,0
200,305,44.4,10.909899405591446,0
200,401,35.6,8.50737848301662,0
200,402,35.6,8.29340249346157,0
209,201,149.4,29.442661823680062,0
209,301,74.7,15.12531495794538,0
209,302,44.4,9.113243549383913,0
209,303,44.4,8.907489822728348,0
209,304,44.4,8.99072403140807,0
209,305,44.4,8.861937309294985,0
209,401,35.6,7.168809254917422,0
209,402,35.6,7.225227412337327,0
215,201,149.4,28.29694677800392,0
215,301,74.7,14.575935500668088,0
215,302,44.4,8.794820779876588,0
215,303,44.4,8.581936542127824,0
215,304,44.4,8.67152706132331,0
215,305,44.4,8.538777154247777,0
215,401,35.6,6.914313409671978,0
215,402,35.6,6.975036184840903,0
217,201,149.4,27.844880744549684,0
217,301,74.7,14.381726111289884,0
217,302,44.4,8.690448295001087,0
217,303,44.4,8.469231135267838,0
217,304,44.4,8.567961473596636,0
217,305,44.4,8.430461008660481,0
217,401,35.6,6.834038695629161,0
217,402,35.6,6.901115522982356,0
223,201,149.4,28.809077231331877,0
223,301,74.7,14.83113988400947,0
223,302,44.4,8.946021095967108,0
223,303,44.4,8.73253248625823,0
223,304,44.4,8.82154438066717,0
223,305,44.4,8.68837090001882,0
223,401,35.6,7.033888802120343,0
223,402,35.6,7.094167681002006,0
224,201,149.4,28.526489211855036,0
224,301,74.7,14.702451159956189,0
224,302,44.4,8.873345308189489,0
224,303,44.4,8.650448875404482,0
224,304,44.4,8.74118868745033,0
224,305,44.4,8.602457204360652,0
224,401,35.6,6.966455106340202,0
224,402,35.6,7.027708492381014,0
236,201,149.4,27.680033221092597,0
236,301,74.7,14.239554081703812,0
236,302,44.4,8.586285261279443,0
236,303,44.4,8.38990266259035,0
236,304,44.4,8.474273967311586,0
236,305,44.4,8.351624840507382,0
236,401,35.6,6.760215991770863,0
236,402,35.6,6.817491740080076,0
267,201,149.4,27.227952096714603,0
267,301,74.7,13.92861491076983,0
267,302,44.4,8.3746514465438,0
267,303,44.4,8.220789964542089,0
267,304,44.4,8.287172193272529,0
267,305,44.4,8.190377613354201,0
267,401,35.6,6.61732037755984,0
267,402,35.6,6.6625465169646905,0
279,201,149.4,26.889222669960176,0
279,301,74.7,13.791618051205406,0
279,302,44.4,8.303897317572467,0
279,303,44.4,8.138711131223248,0
279,304,44.4,8.213324258872483,0
279,305,44.4,8.109786995821663,0
279,401,35.6,6.558737039568834,0
279,402,35.6,6.609586671027531,0
290,201,149.4,27.103359866342696,0
290,301,74.7,13.827551686950828,0
290,302,44.4,8.301179323798463,0
290,303,44.4,8.152099546569751,0
290,304,44.4,8.20607053157589,0
290,305,44.4,8.11213398887025,0
290,401,35.6,6.545878644075557,0
290,402,35.6,6.582284623382286,0
302,201,149.4,26.03049319253234,0
302,301,74.7,13.30615183367475,0
302,302,44.4,7.995991043345911,0
302,303,44.4,7.838232424472952,0
302,304,44.4,7.895135571878943,0
302,305,44.4,7.795917992865759,0
302,401,35.6,6.294565384837722,0
302,402,35.6,6.3329388132273445,0
309,201,149.4,25.331127899638595,0
309,301,74.7,12.99900919225113,0
309,302,44.4,7.828345405386606,0
309,303,44.4,7.665145022763227,0
309,304,44.4,7.73573763868823,0
309,305,44.4,7.633381321616984,0
309,401,35.6,6.173848656814837,0
309,402,35.6,6.221938768561618,0
322,201,149.4,24.617003872692298,0
322,301,74.7,12.60209275057154,0
322,302,44.4,7.579901447839136,0
322,303,44.4,7.436748442245127,0
322,304,44.4,7.498756408322366,0
322,305,44.4,7.408848386417272,0
322,401,35.6,5.987384700485949,0
322,402,35.6,6.029564744591308,0
327,201,149.4,24.67231608249428,0
327,301,74.7,12.622711699863803,0
327,302,44.4,7.590095716227965,0
327,303,44.4,7.4521523690041835,0
327,304,44.4,7.513191489144191,0
327,305,44.4,7.426455024683738,0
327,401,35.6,6.000682362337843,0
327,402,35.6,6.042290176383134,0
332,201,149.4,25.00603421203525,0
332,301,74.7,12.78073021669232,0
332,302,44.4,7.680654018739828,0
332,303,44.4,7.540810243184671,0
332,304,44.4,7.598172302568559,0
332,305,44.4,7.510143376578364,0
332,401,35.6,6.065275675879432,0
332,402,35.6,6.104245740498324,0
333,201,149.4,25.341445062219496,0
333,301,74.7,12.98763719539426,0
333,302,44.4,7.8153866381884685,0
333,303,44.4,7.649986998244657,0
333,304,44.4,7.713863221394057,0
333,305,44.4,7.610185063858646,0
333,401,35.6,6.150691659762268,0
333,402,35.6,6.193828365702591,0
336,201,149.4,24.70560556314303,0
336,301,74.7,12.648357843998676,0
336,302,44.4,7.607477074599553,0
336,303,44.4,7.457455584803425,0
336,304,44.4,7.518132625929962,0
336,305,44.4,7.423989976214331,0
336,401,35.6,5.998793579283933,0
336,402,35.6,6.039870317117392,0
339,201,149.4,29.67273188234592,0
339,301,74.7,14.0608201679111,0
339,302,44.4,8.137047739674959,0
339,303,44.4,8.375158330319675,0
339,304,44.4,8.197950145894145,0
339,305,44.4,8.35024155774041,0
339,401,35.6,6.565509321191046,0
339,402,35.6,6.448981582644167,0
340,201,149.4,24.45584120483315,0
340,301,74.7,12.515151231280806,0
340,302,44.4,7.526097332484321,0
340,303,44.4,7.384515425530404,0
340,304,44.4,7.444700019255905,0
340,305,44.4,7.355761779988193,0
340,401,35.6,5.943517278055451,0
340,402,35.6,5.984407619959524,0
348,201,149.4,23.84082113739399,0
348,301,74.7,12.216069617201278,0
348,302,44.4,7.351841909765641,0
348,303,44.4,7.214323731107475,0
348,304,44.4,7.278874152694645,0
348,305,44.4,7.192477465489407,0
348,401,35.6,5.815482486855007,0
348,402,35.6,5.859658649168447,0
352,201,149.4,24.256676095070432,0
352,301,74.7,12.337849151833339,0
352,302,44.4,7.3959733695641745,0
352,303,44.4,7.286631457322789,0
352,304,44.4,7.328680480703369,0
352,305,44.4,7.259454843477815,0
352,401,35.6,5.852838136853574,0
352,402,35.6,5.8813939883123885,0
370,201,149.4,24.097651822038245,0
370,301,74.7,12.309220683455855,0
370,302,44.4,7.394950225653491,0
370,303,44.4,7.262346681511003,0
370,304,44.4,7.315652491643163,0
370,305,44.4,7.232162652224331,0
370,401,35.6,5.839388219477462,0
370,402,35.6,5.8755483880354955,0
